0 1.759399e+09 3.135416e-08 
14 14 1.000000e+00 
(   4.00000000000e+00,  -7.34788079488e-16 ) 
(   4.00000000000e+00,   7.34788079488e-16 ) 
(  -1.46957615898e-15,  -4.00000000000e+00 ) 
(  -1.46957615898e-15,   4.00000000000e+00 ) 
1.524328e+01 -3.651642e+01 4.386357e+01  
1.524328e+01 -3.651642e+01 4.386357e+01  
181 
   1.00000000000e+03   -1.15877000000e+00    1.04599000000e+00 
   -1.15877000000e+00    1.04599000000e+00 
   1.05000000000e+03   -1.22177176737e+00    9.65815305376e-01 
   -1.22177176737e+00    9.65815305376e-01 
   1.10000000000e+03   -1.28708000000e+00    8.94849000000e-01 
   -1.28708000000e+00    8.94849000000e-01 
   1.15000000000e+03   -1.35559000000e+00    8.31756000000e-01 
   -1.35559000000e+00    8.31756000000e-01 
   1.20000000000e+03   -1.42798000000e+00    7.75144000000e-01 
   -1.42798000000e+00    7.75144000000e-01 
   1.25000000000e+03   -1.50532953753e+00    7.24380294037e-01 
   -1.50532953753e+00    7.24380294037e-01 
   1.30000000000e+03   -1.58912035481e+00    6.78612314600e-01 
   -1.58912035481e+00    6.78612314600e-01 
   1.35000000000e+03   -1.68040000000e+00    6.37054000000e-01 
   -1.68040000000e+00    6.37054000000e-01 
   1.40000000000e+03   -1.78234127021e+00    5.99382803050e-01 
   -1.78234127021e+00    5.99382803050e-01 
   1.45000000000e+03   -1.89780990912e+00    5.65108356158e-01 
   -1.89780990912e+00    5.65108356158e-01 
   1.50000000000e+03   -2.03155000000e+00    5.33664000000e-01 
   -2.03155000000e+00    5.33664000000e-01 
   1.55000000000e+03   -2.19084000000e+00    5.04685000000e-01 
   -2.19084000000e+00    5.04685000000e-01 
   1.60000000000e+03   -2.38765000000e+00    4.78127000000e-01 
   -2.38765000000e+00    4.78127000000e-01 
   1.65000000000e+03   -2.64358000000e+00    4.53629000000e-01 
   -2.64358000000e+00    4.53629000000e-01 
   1.70000000000e+03   -3.00460000000e+00    4.31062000000e-01 
   -3.00460000000e+00    4.31062000000e-01 
   1.75000000000e+03   -3.59954382824e+00    4.10166733871e-01 
   -3.59954382824e+00    4.10166733871e-01 
   1.80000000000e+03   -5.18280000000e+00    3.90775000000e-01 
   -5.18280000000e+00    3.90775000000e-01 
   1.85000000000e+03   -4.18995000000e+00    4.00539000000e+00 
   -4.18995000000e+00    4.00539000000e+00 
   1.90000000000e+03   -2.92573000000e+00    3.96638000000e+00 
   -2.92573000000e+00    3.96638000000e+00 
   1.95000000000e+03   -2.26722000000e+00    3.84935000000e+00 
   -2.26722000000e+00    3.84935000000e+00 
   2.00000000000e+03   -1.82239000000e+00    3.69858000000e+00 
   -1.82239000000e+00    3.69858000000e+00 
   2.05000000000e+03   -1.49362000000e+00    3.55764000000e+00 
   -1.49362000000e+00    3.55764000000e+00 
   2.10000000000e+03   -1.23787000000e+00    3.42444000000e+00 
   -1.23787000000e+00    3.42444000000e+00 
   2.15000000000e+03   -1.03182000000e+00    3.29890000000e+00 
   -1.03182000000e+00    3.29890000000e+00 
   2.20000000000e+03   -8.61153000000e-01    3.18344000000e+00 
   -8.61153000000e-01    3.18344000000e+00 
   2.25000000000e+03   -7.16633000000e-01    3.07383000000e+00 
   -7.16633000000e-01    3.07383000000e+00 
   2.30000000000e+03   -5.93123000000e-01    2.97007000000e+00 
   -5.93123000000e-01    2.97007000000e+00 
   2.35000000000e+03   -4.86217000000e-01    2.87295000000e+00 
   -4.86217000000e-01    2.87295000000e+00 
   2.40000000000e+03   -3.92492000000e-01    2.78096000000e+00 
   -3.92492000000e-01    2.78096000000e+00 
   2.45000000000e+03   -3.09932000000e-01    2.69341000000e+00 
   -3.09932000000e-01    2.69341000000e+00 
   2.50000000000e+03   -2.36641000000e-01    2.61031000000e+00 
   -2.36641000000e-01    2.61031000000e+00 
   2.55000000000e+03   -1.71558894069e-01    2.53055600193e+00 
   -1.71558894069e-01    2.53055600193e+00 
   2.60000000000e+03   -1.13880237256e-01    2.45456732110e+00 
   -1.13880237256e-01    2.45456732110e+00 
   2.65000000000e+03   -6.23334000000e-02    2.38251000000e+00 
   -6.23334000000e-02    2.38251000000e+00 
   2.70000000000e+03   -1.60307000000e-02    2.31345000000e+00 
   -1.60307000000e-02    2.31345000000e+00 
   2.75000000000e+03    2.57919000000e-02    2.24758000000e+00 
    2.57919000000e-02    2.24758000000e+00 
   2.80000000000e+03    6.39716000000e-02    2.18490000000e+00 
    6.39716000000e-02    2.18490000000e+00 
   2.85000000000e+03    9.86730000000e-02    2.12422000000e+00 
    9.86730000000e-02    2.12422000000e+00 
   2.90000000000e+03    1.30284000000e-01    2.06624000000e+00 
    1.30284000000e-01    2.06624000000e+00 
   2.95000000000e+03    1.58955000000e-01    2.00973000000e+00 
    1.58955000000e-01    2.00973000000e+00 
   3.00000000000e+03    1.84864000000e-01    1.95567000000e+00 
    1.84864000000e-01    1.95567000000e+00 
   3.05000000000e+03    2.08195000000e-01    1.90317000000e+00 
    2.08195000000e-01    1.90317000000e+00 
   3.10000000000e+03    2.28896583660e-01    1.85263156392e+00 
    2.28896583660e-01    1.85263156392e+00 
   3.15000000000e+03    2.47621000000e-01    1.80421000000e+00 
    2.47621000000e-01    1.80421000000e+00 
   3.20000000000e+03    2.64478908740e-01    1.75749087390e+00 
    2.64478908740e-01    1.75749087390e+00 
   3.25000000000e+03    2.79514212425e-01    1.71268583113e+00 
    2.79514212425e-01    1.71268583113e+00 
   3.30000000000e+03    2.93073000000e-01    1.66966000000e+00 
    2.93073000000e-01    1.66966000000e+00 
   3.35000000000e+03    3.05252000000e-01    1.62825000000e+00 
    3.05252000000e-01    1.62825000000e+00 
   3.40000000000e+03    3.16276000000e-01    1.58846000000e+00 
    3.16276000000e-01    1.58846000000e+00 
   3.45000000000e+03    3.26213000000e-01    1.55021000000e+00 
    3.26213000000e-01    1.55021000000e+00 
   3.50000000000e+03    3.35294000000e-01    1.51340000000e+00 
    3.35294000000e-01    1.51340000000e+00 
   3.55000000000e+03    3.43509277020e-01    1.47785432959e+00 
    3.43509277020e-01    1.47785432959e+00 
   3.60000000000e+03    3.50821817444e-01    1.44365060401e+00 
    3.50821817444e-01    1.44365060401e+00 
   3.65000000000e+03    3.57538000000e-01    1.41019000000e+00 
    3.57538000000e-01    1.41019000000e+00 
   3.70000000000e+03    3.63560571760e-01    1.37803972246e+00 
    3.63560571760e-01    1.37803972246e+00 
   3.75000000000e+03    3.68793053032e-01    1.34701522466e+00 
    3.68793053032e-01    1.34701522466e+00 
   3.80000000000e+03    3.73537000000e-01    1.31669000000e+00 
    3.73537000000e-01    1.31669000000e+00 
   3.85000000000e+03    3.77720000000e-01    1.28739000000e+00 
    3.77720000000e-01    1.28739000000e+00 
   3.90000000000e+03    3.81324000000e-01    1.25910000000e+00 
    3.81324000000e-01    1.25910000000e+00 
   3.95000000000e+03    3.84437000000e-01    1.23163000000e+00 
    3.84437000000e-01    1.23163000000e+00 
   4.00000000000e+03    3.87076000000e-01    1.20509000000e+00 
    3.87076000000e-01    1.20509000000e+00 
   4.05000000000e+03    3.89283619220e-01    1.17926252205e+00 
    3.89283619220e-01    1.17926252205e+00 
   4.10000000000e+03    3.90974009901e-01    1.15429533253e+00 
    3.90974009901e-01    1.15429533253e+00 
   4.15000000000e+03    3.92234569272e-01    1.13015476256e+00 
    3.92234569272e-01    1.13015476256e+00 
   4.20000000000e+03    3.93445490206e-01    1.10678730231e+00 
    3.93445490206e-01    1.10678730231e+00 
   4.25000000000e+03    3.94095000000e-01    1.08418000000e+00 
    3.94095000000e-01    1.08418000000e+00 
   4.30000000000e+03    3.94797000000e-01    1.06229000000e+00 
    3.94797000000e-01    1.06229000000e+00 
   4.35000000000e+03    3.95003000000e-01    1.04097000000e+00 
    3.95003000000e-01    1.04097000000e+00 
   4.40000000000e+03    3.95213000000e-01    1.02032000000e+00 
    3.95213000000e-01    1.02032000000e+00 
   4.45000000000e+03    3.95050000000e-01    1.00031000000e+00 
    3.95050000000e-01    1.00031000000e+00 
   4.50000000000e+03    3.94891000000e-01    9.80905000000e-01 
    3.94891000000e-01    9.80905000000e-01 
   4.55000000000e+03    3.94327086172e-01    9.61921202684e-01 
    3.94327086172e-01    9.61921202684e-01 
   4.60000000000e+03    3.93690002693e-01    9.43455308879e-01 
    3.93690002693e-01    9.43455308879e-01 
   4.65000000000e+03    3.93077000000e-01    9.25571000000e-01 
    3.93077000000e-01    9.25571000000e-01 
   4.70000000000e+03    3.92103247350e-01    9.08199939678e-01 
    3.92103247350e-01    9.08199939678e-01 
   4.75000000000e+03    3.91070799271e-01    8.91360411369e-01 
    3.91070799271e-01    8.91360411369e-01 
   4.80000000000e+03    3.90058000000e-01    8.74971000000e-01 
    3.90058000000e-01    8.74971000000e-01 
   4.85000000000e+03    3.88801000000e-01    8.58885000000e-01 
    3.88801000000e-01    8.58885000000e-01 
   4.90000000000e+03    3.87546000000e-01    8.43256000000e-01 
    3.87546000000e-01    8.43256000000e-01 
   4.95000000000e+03    3.86086000000e-01    8.28066000000e-01 
    3.86086000000e-01    8.28066000000e-01 
   5.00000000000e+03    3.84627000000e-01    8.13297000000e-01 
    3.84627000000e-01    8.13297000000e-01 
   5.05000000000e+03    3.82993000000e-01    7.98808000000e-01 
    3.82993000000e-01    7.98808000000e-01 
   5.10000000000e+03    3.81360000000e-01    7.84716000000e-01 
    3.81360000000e-01    7.84716000000e-01 
   5.15000000000e+03    3.79544000000e-01    7.71007000000e-01 
    3.79544000000e-01    7.71007000000e-01 
   5.20000000000e+03    3.77730000000e-01    7.57666000000e-01 
    3.77730000000e-01    7.57666000000e-01 
   5.25000000000e+03    3.75771106001e-01    7.44679683403e-01 
    3.75771106001e-01    7.44679683403e-01 
   5.30000000000e+03    3.73801650999e-01    7.32032126468e-01 
    3.73801650999e-01    7.32032126468e-01 
   5.35000000000e+03    3.71839021104e-01    7.19679452728e-01 
    3.71839021104e-01    7.19679452728e-01 
   5.40000000000e+03    3.69893244846e-01    7.07637442165e-01 
    3.69893244846e-01    7.07637442165e-01 
   5.45000000000e+03    3.67831473286e-01    6.95915149119e-01 
    3.67831473286e-01    6.95915149119e-01 
   5.50000000000e+03    3.65684350642e-01    6.84475031086e-01 
    3.65684350642e-01    6.84475031086e-01 
   5.55000000000e+03    3.63567421197e-01    6.73287951133e-01 
    3.63567421197e-01    6.73287951133e-01 
   5.60000000000e+03    3.61450684649e-01    6.62375910486e-01 
    3.61450684649e-01    6.62375910486e-01 
   5.65000000000e+03    3.59339979876e-01    6.51735227293e-01 
    3.59339979876e-01    6.51735227293e-01 
   5.70000000000e+03    3.57221000000e-01    6.41358000000e-01 
    3.57221000000e-01    6.41358000000e-01 
   5.75000000000e+03    3.55043836843e-01    6.31240490116e-01 
    3.55043836843e-01    6.31240490116e-01 
   5.80000000000e+03    3.52850649062e-01    6.21341989437e-01 
    3.52850649062e-01    6.21341989437e-01 
   5.85000000000e+03    3.50670000000e-01    6.11643000000e-01 
    3.50670000000e-01    6.11643000000e-01 
   5.90000000000e+03    3.48488135648e-01    6.02162911851e-01 
    3.48488135648e-01    6.02162911851e-01 
   5.95000000000e+03    3.46313402998e-01    5.92915750453e-01 
    3.46313402998e-01    5.92915750453e-01 
   6.00000000000e+03    3.44130000000e-01    5.83873000000e-01 
    3.44130000000e-01    5.83873000000e-01 
   6.05000000000e+03    3.41910145157e-01    5.74990683687e-01 
    3.41910145157e-01    5.74990683687e-01 
   6.10000000000e+03    3.39673000000e-01    5.66289000000e-01 
    3.39673000000e-01    5.66289000000e-01 
   6.15000000000e+03    3.37443240945e-01    5.57796228587e-01 
    3.37443240945e-01    5.57796228587e-01 
   6.20000000000e+03    3.35220000000e-01    5.49508000000e-01 
    3.35220000000e-01    5.49508000000e-01 
   6.25000000000e+03    3.32996887960e-01    5.41410000625e-01 
    3.32996887960e-01    5.41410000625e-01 
   6.30000000000e+03    3.30771000000e-01    5.33481000000e-01 
    3.30771000000e-01    5.33481000000e-01 
   6.35000000000e+03    3.28542800688e-01    5.25705037742e-01 
    3.28542800688e-01    5.25705037742e-01 
   6.40000000000e+03    3.26322786373e-01    5.18094143653e-01 
    3.26322786373e-01    5.18094143653e-01 
   6.45000000000e+03    3.24119685182e-01    5.10659228748e-01 
    3.24119685182e-01    5.10659228748e-01 
   6.50000000000e+03    3.21920896177e-01    5.03370745649e-01 
    3.21920896177e-01    5.03370745649e-01 
   6.55000000000e+03    3.19720000000e-01    4.96213000000e-01 
    3.19720000000e-01    4.96213000000e-01 
   6.60000000000e+03    3.17522871337e-01    4.89201654035e-01 
    3.17522871337e-01    4.89201654035e-01 
   6.65000000000e+03    3.15319022739e-01    4.82340622396e-01 
    3.15319022739e-01    4.82340622396e-01 
   6.70000000000e+03    3.13124000000e-01    4.75627000000e-01 
    3.13124000000e-01    4.75627000000e-01 
   6.75000000000e+03    3.10974656457e-01    4.69054572284e-01 
    3.10974656457e-01    4.69054572284e-01 
   6.80000000000e+03    3.08837776204e-01    4.62621279774e-01 
    3.08837776204e-01    4.62621279774e-01 
   6.85000000000e+03    3.06693000000e-01    4.56322000000e-01 
    3.06693000000e-01    4.56322000000e-01 
   6.90000000000e+03    3.04552470911e-01    4.50151304248e-01 
    3.04552470911e-01    4.50151304248e-01 
   6.95000000000e+03    3.02401974056e-01    4.44120290905e-01 
    3.02401974056e-01    4.44120290905e-01 
   7.00000000000e+03    3.00267000000e-01    4.38194000000e-01 
    3.00267000000e-01    4.38194000000e-01 
   7.05000000000e+03    2.98187644057e-01    4.32323847942e-01 
    2.98187644057e-01    4.32323847942e-01 
   7.10000000000e+03    2.96119259311e-01    4.26559490519e-01 
    2.96119259311e-01    4.26559490519e-01 
   7.15000000000e+03    2.94043000000e-01    4.20922000000e-01 
    2.94043000000e-01    4.20922000000e-01 
   7.20000000000e+03    2.91970538812e-01    4.15395056424e-01 
    2.91970538812e-01    4.15395056424e-01 
   7.25000000000e+03    2.89890967412e-01    4.09978258524e-01 
    2.89890967412e-01    4.09978258524e-01 
   7.30000000000e+03    2.87823000000e-01    4.04669000000e-01 
    2.87823000000e-01    4.04669000000e-01 
   7.35000000000e+03    2.85797806562e-01    3.99461695131e-01 
    2.85797806562e-01    3.99461695131e-01 
   7.40000000000e+03    2.83786000000e-01    3.94359000000e-01 
    2.83786000000e-01    3.94359000000e-01 
   7.45000000000e+03    2.81758794544e-01    3.89360622412e-01 
    2.81758794544e-01    3.89360622412e-01 
   7.50000000000e+03    2.79751000000e-01    3.84446000000e-01 
    2.79751000000e-01    3.84446000000e-01 
   7.55000000000e+03    2.77794284864e-01    3.79598805061e-01 
    2.77794284864e-01    3.79598805061e-01 
   7.60000000000e+03    2.75847102610e-01    3.74838666616e-01 
    2.75847102610e-01    3.74838666616e-01 
   7.65000000000e+03    2.73893000000e-01    3.70173000000e-01 
    2.73893000000e-01    3.70173000000e-01 
   7.70000000000e+03    2.71942507724e-01    3.65594395619e-01 
    2.71942507724e-01    3.65594395619e-01 
   7.75000000000e+03    2.69982102745e-01    3.61101576228e-01 
    2.69982102745e-01    3.61101576228e-01 
   7.80000000000e+03    2.68037000000e-01    3.56692000000e-01 
    2.68037000000e-01    3.56692000000e-01 
   7.85000000000e+03    2.66147957900e-01    3.52362431137e-01 
    2.66147957900e-01    3.52362431137e-01 
   7.90000000000e+03    2.64278000000e-01    3.48116000000e-01 
    2.64278000000e-01    3.48116000000e-01 
   7.95000000000e+03    2.62389386550e-01    3.43952274556e-01 
    2.62389386550e-01    3.43952274556e-01 
   8.00000000000e+03    2.60520000000e-01    3.39850000000e-01 
    2.60520000000e-01    3.39850000000e-01 
   8.05000000000e+03    2.58687910366e-01    3.35802918893e-01 
    2.58687910366e-01    3.35802918893e-01 
   8.10000000000e+03    2.56877724435e-01    3.31828904713e-01 
    2.56877724435e-01    3.31828904713e-01 
   8.15000000000e+03    2.55080335879e-01    3.27925031698e-01 
    2.55080335879e-01    3.27925031698e-01 
   8.20000000000e+03    2.53271227417e-01    3.24090692925e-01 
    2.53271227417e-01    3.24090692925e-01 
   8.25000000000e+03    2.51457375163e-01    3.20324403411e-01 
    2.51457375163e-01    3.20324403411e-01 
   8.30000000000e+03    2.49670000000e-01    3.16624000000e-01 
    2.49670000000e-01    3.16624000000e-01 
   8.35000000000e+03    2.47928442825e-01    3.12987796156e-01 
    2.47928442825e-01    3.12987796156e-01 
   8.40000000000e+03    2.46202000000e-01    3.09416000000e-01 
    2.46202000000e-01    3.09416000000e-01 
   8.45000000000e+03    2.44461628975e-01    3.05907488688e-01 
    2.44461628975e-01    3.05907488688e-01 
   8.50000000000e+03    2.42735000000e-01    3.02454000000e-01 
    2.42735000000e-01    3.02454000000e-01 
   8.55000000000e+03    2.41052363178e-01    2.99047954844e-01 
    2.41052363178e-01    2.99047954844e-01 
   8.60000000000e+03    2.39397598497e-01    2.95691676856e-01 
    2.39397598497e-01    2.95691676856e-01 
   8.65000000000e+03    2.37743000000e-01    2.92390000000e-01 
    2.37743000000e-01    2.92390000000e-01 
   8.70000000000e+03    2.36070144797e-01    2.89146406722e-01 
    2.36070144797e-01    2.89146406722e-01 
   8.75000000000e+03    2.34397796053e-01    2.85959117178e-01 
    2.34397796053e-01    2.85959117178e-01 
   8.80000000000e+03    2.32754000000e-01    2.82825000000e-01 
    2.32754000000e-01    2.82825000000e-01 
   8.85000000000e+03    2.31155161256e-01    2.79741723544e-01 
    2.31155161256e-01    2.79741723544e-01 
   8.90000000000e+03    2.29571000000e-01    2.76710000000e-01 
    2.29571000000e-01    2.76710000000e-01 
   8.95000000000e+03    2.27973199794e-01    2.73729545894e-01 
    2.27973199794e-01    2.73729545894e-01 
   9.00000000000e+03    2.26388000000e-01    2.70793000000e-01 
    2.26388000000e-01    2.70793000000e-01 
   9.05000000000e+03    2.24844280469e-01    2.67893505444e-01 
    2.24844280469e-01    2.67893505444e-01 
   9.10000000000e+03    2.23326961781e-01    2.65033319706e-01 
    2.23326961781e-01    2.65033319706e-01 
   9.15000000000e+03    2.21810000000e-01    2.62217000000e-01 
    2.21810000000e-01    2.62217000000e-01 
   9.20000000000e+03    2.20275938025e-01    2.59447900894e-01 
    2.20275938025e-01    2.59447900894e-01 
   9.25000000000e+03    2.18741750775e-01    2.56724731931e-01 
    2.18741750775e-01    2.56724731931e-01 
   9.30000000000e+03    2.17233000000e-01    2.54045000000e-01 
    2.17233000000e-01    2.54045000000e-01 
   9.35000000000e+03    2.15764625456e-01    2.51406758913e-01 
    2.15764625456e-01    2.51406758913e-01 
   9.40000000000e+03    2.14309000000e-01    2.48810000000e-01 
    2.14309000000e-01    2.48810000000e-01 
   9.45000000000e+03    2.12840619656e-01    2.46254349500e-01 
    2.12840619656e-01    2.46254349500e-01 
   9.50000000000e+03    2.11385000000e-01    2.43736000000e-01 
    2.11385000000e-01    2.43736000000e-01 
   9.55000000000e+03    2.09969798642e-01    2.41251413792e-01 
    2.09969798642e-01    2.41251413792e-01 
   9.60000000000e+03    2.08580253658e-01    2.38801662633e-01 
    2.08580253658e-01    2.38801662633e-01 
   9.65000000000e+03    2.07191000000e-01    2.36389000000e-01 
    2.07191000000e-01    2.36389000000e-01 
   9.70000000000e+03    2.05785064547e-01    2.34014773856e-01 
    2.05785064547e-01    2.34014773856e-01 
   9.75000000000e+03    2.04379062253e-01    2.31676802819e-01 
    2.04379062253e-01    2.31676802819e-01 
   9.80000000000e+03    2.02998000000e-01    2.29372000000e-01 
    2.02998000000e-01    2.29372000000e-01 
   9.85000000000e+03    2.01656673901e-01    2.27098348294e-01 
    2.01656673901e-01    2.27098348294e-01 
   9.90000000000e+03    2.00329000000e-01    2.24858000000e-01 
    2.00329000000e-01    2.24858000000e-01 
   9.95000000000e+03    1.98990126476e-01    2.22652400525e-01 
    1.98990126476e-01    2.22652400525e-01 
   1.00000000000e+04    1.97661000000e-01    2.20476000000e-01 
    1.97661000000e-01    2.20476000000e-01 
