0 1.759399e+09 7.838541e-09 
14 14 1.000000e+00 
(   4.00000000000e+00,  -2.93915231795e-15 ) 
(   4.00000000000e+00,   2.93915231795e-15 ) 
(   4.00000000000e+00,  -5.87830463591e-15 ) 
(   4.00000000000e+00,   5.87830463591e-15 ) 
1.250534e+01 -1.512137e+01 5.188767e+00  
1.250534e+01 -1.512137e+01 5.188767e+00  
201 
   5.00000000000e+03    3.84627000000e-01    8.13297000000e-01 
    3.84627000000e-01    8.13297000000e-01 
   5.05000000000e+03    3.82993000000e-01    7.98808000000e-01 
    3.82993000000e-01    7.98808000000e-01 
   5.10000000000e+03    3.81360000000e-01    7.84716000000e-01 
    3.81360000000e-01    7.84716000000e-01 
   5.15000000000e+03    3.79544000000e-01    7.71007000000e-01 
    3.79544000000e-01    7.71007000000e-01 
   5.20000000000e+03    3.77730000000e-01    7.57666000000e-01 
    3.77730000000e-01    7.57666000000e-01 
   5.25000000000e+03    3.75771106001e-01    7.44679683403e-01 
    3.75771106001e-01    7.44679683403e-01 
   5.30000000000e+03    3.73801650999e-01    7.32032126468e-01 
    3.73801650999e-01    7.32032126468e-01 
   5.35000000000e+03    3.71839021104e-01    7.19679452728e-01 
    3.71839021104e-01    7.19679452728e-01 
   5.40000000000e+03    3.69893244846e-01    7.07637442165e-01 
    3.69893244846e-01    7.07637442165e-01 
   5.45000000000e+03    3.67831473286e-01    6.95915149119e-01 
    3.67831473286e-01    6.95915149119e-01 
   5.50000000000e+03    3.65684350642e-01    6.84475031086e-01 
    3.65684350642e-01    6.84475031086e-01 
   5.55000000000e+03    3.63567421197e-01    6.73287951133e-01 
    3.63567421197e-01    6.73287951133e-01 
   5.60000000000e+03    3.61450684649e-01    6.62375910486e-01 
    3.61450684649e-01    6.62375910486e-01 
   5.65000000000e+03    3.59339979876e-01    6.51735227293e-01 
    3.59339979876e-01    6.51735227293e-01 
   5.70000000000e+03    3.57221000000e-01    6.41358000000e-01 
    3.57221000000e-01    6.41358000000e-01 
   5.75000000000e+03    3.55043836843e-01    6.31240490116e-01 
    3.55043836843e-01    6.31240490116e-01 
   5.80000000000e+03    3.52850649062e-01    6.21341989437e-01 
    3.52850649062e-01    6.21341989437e-01 
   5.85000000000e+03    3.50670000000e-01    6.11643000000e-01 
    3.50670000000e-01    6.11643000000e-01 
   5.90000000000e+03    3.48488135648e-01    6.02162911851e-01 
    3.48488135648e-01    6.02162911851e-01 
   5.95000000000e+03    3.46313402998e-01    5.92915750453e-01 
    3.46313402998e-01    5.92915750453e-01 
   6.00000000000e+03    3.44130000000e-01    5.83873000000e-01 
    3.44130000000e-01    5.83873000000e-01 
   6.05000000000e+03    3.41910145157e-01    5.74990683687e-01 
    3.41910145157e-01    5.74990683687e-01 
   6.10000000000e+03    3.39673000000e-01    5.66289000000e-01 
    3.39673000000e-01    5.66289000000e-01 
   6.15000000000e+03    3.37443240945e-01    5.57796228587e-01 
    3.37443240945e-01    5.57796228587e-01 
   6.20000000000e+03    3.35220000000e-01    5.49508000000e-01 
    3.35220000000e-01    5.49508000000e-01 
   6.25000000000e+03    3.32996887960e-01    5.41410000625e-01 
    3.32996887960e-01    5.41410000625e-01 
   6.30000000000e+03    3.30771000000e-01    5.33481000000e-01 
    3.30771000000e-01    5.33481000000e-01 
   6.35000000000e+03    3.28542800688e-01    5.25705037742e-01 
    3.28542800688e-01    5.25705037742e-01 
   6.40000000000e+03    3.26322786373e-01    5.18094143653e-01 
    3.26322786373e-01    5.18094143653e-01 
   6.45000000000e+03    3.24119685182e-01    5.10659228748e-01 
    3.24119685182e-01    5.10659228748e-01 
   6.50000000000e+03    3.21920896177e-01    5.03370745649e-01 
    3.21920896177e-01    5.03370745649e-01 
   6.55000000000e+03    3.19720000000e-01    4.96213000000e-01 
    3.19720000000e-01    4.96213000000e-01 
   6.60000000000e+03    3.17522871337e-01    4.89201654035e-01 
    3.17522871337e-01    4.89201654035e-01 
   6.65000000000e+03    3.15319022739e-01    4.82340622396e-01 
    3.15319022739e-01    4.82340622396e-01 
   6.70000000000e+03    3.13124000000e-01    4.75627000000e-01 
    3.13124000000e-01    4.75627000000e-01 
   6.75000000000e+03    3.10974656457e-01    4.69054572284e-01 
    3.10974656457e-01    4.69054572284e-01 
   6.80000000000e+03    3.08837776204e-01    4.62621279774e-01 
    3.08837776204e-01    4.62621279774e-01 
   6.85000000000e+03    3.06693000000e-01    4.56322000000e-01 
    3.06693000000e-01    4.56322000000e-01 
   6.90000000000e+03    3.04552470911e-01    4.50151304248e-01 
    3.04552470911e-01    4.50151304248e-01 
   6.95000000000e+03    3.02401974056e-01    4.44120290905e-01 
    3.02401974056e-01    4.44120290905e-01 
   7.00000000000e+03    3.00267000000e-01    4.38194000000e-01 
    3.00267000000e-01    4.38194000000e-01 
   7.05000000000e+03    2.98187644057e-01    4.32323847942e-01 
    2.98187644057e-01    4.32323847942e-01 
   7.10000000000e+03    2.96119259311e-01    4.26559490519e-01 
    2.96119259311e-01    4.26559490519e-01 
   7.15000000000e+03    2.94043000000e-01    4.20922000000e-01 
    2.94043000000e-01    4.20922000000e-01 
   7.20000000000e+03    2.91970538812e-01    4.15395056424e-01 
    2.91970538812e-01    4.15395056424e-01 
   7.25000000000e+03    2.89890967412e-01    4.09978258524e-01 
    2.89890967412e-01    4.09978258524e-01 
   7.30000000000e+03    2.87823000000e-01    4.04669000000e-01 
    2.87823000000e-01    4.04669000000e-01 
   7.35000000000e+03    2.85797806562e-01    3.99461695131e-01 
    2.85797806562e-01    3.99461695131e-01 
   7.40000000000e+03    2.83786000000e-01    3.94359000000e-01 
    2.83786000000e-01    3.94359000000e-01 
   7.45000000000e+03    2.81758794544e-01    3.89360622412e-01 
    2.81758794544e-01    3.89360622412e-01 
   7.50000000000e+03    2.79751000000e-01    3.84446000000e-01 
    2.79751000000e-01    3.84446000000e-01 
   7.55000000000e+03    2.77794284864e-01    3.79598805061e-01 
    2.77794284864e-01    3.79598805061e-01 
   7.60000000000e+03    2.75847102610e-01    3.74838666616e-01 
    2.75847102610e-01    3.74838666616e-01 
   7.65000000000e+03    2.73893000000e-01    3.70173000000e-01 
    2.73893000000e-01    3.70173000000e-01 
   7.70000000000e+03    2.71942507724e-01    3.65594395619e-01 
    2.71942507724e-01    3.65594395619e-01 
   7.75000000000e+03    2.69982102745e-01    3.61101576228e-01 
    2.69982102745e-01    3.61101576228e-01 
   7.80000000000e+03    2.68037000000e-01    3.56692000000e-01 
    2.68037000000e-01    3.56692000000e-01 
   7.85000000000e+03    2.66147957900e-01    3.52362431137e-01 
    2.66147957900e-01    3.52362431137e-01 
   7.90000000000e+03    2.64278000000e-01    3.48116000000e-01 
    2.64278000000e-01    3.48116000000e-01 
   7.95000000000e+03    2.62389386550e-01    3.43952274556e-01 
    2.62389386550e-01    3.43952274556e-01 
   8.00000000000e+03    2.60520000000e-01    3.39850000000e-01 
    2.60520000000e-01    3.39850000000e-01 
   8.05000000000e+03    2.58687910366e-01    3.35802918893e-01 
    2.58687910366e-01    3.35802918893e-01 
   8.10000000000e+03    2.56877724435e-01    3.31828904713e-01 
    2.56877724435e-01    3.31828904713e-01 
   8.15000000000e+03    2.55080335879e-01    3.27925031698e-01 
    2.55080335879e-01    3.27925031698e-01 
   8.20000000000e+03    2.53271227417e-01    3.24090692925e-01 
    2.53271227417e-01    3.24090692925e-01 
   8.25000000000e+03    2.51457375163e-01    3.20324403411e-01 
    2.51457375163e-01    3.20324403411e-01 
   8.30000000000e+03    2.49670000000e-01    3.16624000000e-01 
    2.49670000000e-01    3.16624000000e-01 
   8.35000000000e+03    2.47928442825e-01    3.12987796156e-01 
    2.47928442825e-01    3.12987796156e-01 
   8.40000000000e+03    2.46202000000e-01    3.09416000000e-01 
    2.46202000000e-01    3.09416000000e-01 
   8.45000000000e+03    2.44461628975e-01    3.05907488688e-01 
    2.44461628975e-01    3.05907488688e-01 
   8.50000000000e+03    2.42735000000e-01    3.02454000000e-01 
    2.42735000000e-01    3.02454000000e-01 
   8.55000000000e+03    2.41052363178e-01    2.99047954844e-01 
    2.41052363178e-01    2.99047954844e-01 
   8.60000000000e+03    2.39397598497e-01    2.95691676856e-01 
    2.39397598497e-01    2.95691676856e-01 
   8.65000000000e+03    2.37743000000e-01    2.92390000000e-01 
    2.37743000000e-01    2.92390000000e-01 
   8.70000000000e+03    2.36070144797e-01    2.89146406722e-01 
    2.36070144797e-01    2.89146406722e-01 
   8.75000000000e+03    2.34397796053e-01    2.85959117178e-01 
    2.34397796053e-01    2.85959117178e-01 
   8.80000000000e+03    2.32754000000e-01    2.82825000000e-01 
    2.32754000000e-01    2.82825000000e-01 
   8.85000000000e+03    2.31155161256e-01    2.79741723544e-01 
    2.31155161256e-01    2.79741723544e-01 
   8.90000000000e+03    2.29571000000e-01    2.76710000000e-01 
    2.29571000000e-01    2.76710000000e-01 
   8.95000000000e+03    2.27973199794e-01    2.73729545894e-01 
    2.27973199794e-01    2.73729545894e-01 
   9.00000000000e+03    2.26388000000e-01    2.70793000000e-01 
    2.26388000000e-01    2.70793000000e-01 
   9.05000000000e+03    2.24844280469e-01    2.67893505444e-01 
    2.24844280469e-01    2.67893505444e-01 
   9.10000000000e+03    2.23326961781e-01    2.65033319706e-01 
    2.23326961781e-01    2.65033319706e-01 
   9.15000000000e+03    2.21810000000e-01    2.62217000000e-01 
    2.21810000000e-01    2.62217000000e-01 
   9.20000000000e+03    2.20275938025e-01    2.59447900894e-01 
    2.20275938025e-01    2.59447900894e-01 
   9.25000000000e+03    2.18741750775e-01    2.56724731931e-01 
    2.18741750775e-01    2.56724731931e-01 
   9.30000000000e+03    2.17233000000e-01    2.54045000000e-01 
    2.17233000000e-01    2.54045000000e-01 
   9.35000000000e+03    2.15764625456e-01    2.51406758913e-01 
    2.15764625456e-01    2.51406758913e-01 
   9.40000000000e+03    2.14309000000e-01    2.48810000000e-01 
    2.14309000000e-01    2.48810000000e-01 
   9.45000000000e+03    2.12840619656e-01    2.46254349500e-01 
    2.12840619656e-01    2.46254349500e-01 
   9.50000000000e+03    2.11385000000e-01    2.43736000000e-01 
    2.11385000000e-01    2.43736000000e-01 
   9.55000000000e+03    2.09969798642e-01    2.41251413792e-01 
    2.09969798642e-01    2.41251413792e-01 
   9.60000000000e+03    2.08580253658e-01    2.38801662633e-01 
    2.08580253658e-01    2.38801662633e-01 
   9.65000000000e+03    2.07191000000e-01    2.36389000000e-01 
    2.07191000000e-01    2.36389000000e-01 
   9.70000000000e+03    2.05785064547e-01    2.34014773856e-01 
    2.05785064547e-01    2.34014773856e-01 
   9.75000000000e+03    2.04379062253e-01    2.31676802819e-01 
    2.04379062253e-01    2.31676802819e-01 
   9.80000000000e+03    2.02998000000e-01    2.29372000000e-01 
    2.02998000000e-01    2.29372000000e-01 
   9.85000000000e+03    2.01656673901e-01    2.27098348294e-01 
    2.01656673901e-01    2.27098348294e-01 
   9.90000000000e+03    2.00329000000e-01    2.24858000000e-01 
    2.00329000000e-01    2.24858000000e-01 
   9.95000000000e+03    1.98990126476e-01    2.22652400525e-01 
    1.98990126476e-01    2.22652400525e-01 
   1.00000000000e+04    1.97661000000e-01    2.20476000000e-01 
    1.97661000000e-01    2.20476000000e-01 
   1.00500000000e+04    1.96365122502e-01    2.18323345378e-01 
    1.96365122502e-01    2.18323345378e-01 
   1.01000000000e+04    1.95090437283e-01    2.16196399822e-01 
    1.95090437283e-01    2.16196399822e-01 
   1.01500000000e+04    1.93816000000e-01    2.14099000000e-01 
    1.93816000000e-01    2.14099000000e-01 
   1.02000000000e+04    1.92527762272e-01    2.12034032800e-01 
    1.92527762272e-01    2.12034032800e-01 
   1.02500000000e+04    1.91239278738e-01    2.10000636600e-01 
    1.91239278738e-01    2.10000636600e-01 
   1.03000000000e+04    1.89971000000e-01    2.07997000000e-01 
    1.89971000000e-01    2.07997000000e-01 
   1.03500000000e+04    1.88736571894e-01    2.06021558400e-01 
    1.88736571894e-01    2.06021558400e-01 
   1.04000000000e+04    1.87522378718e-01    2.04073685050e-01 
    1.87522378718e-01    2.04073685050e-01 
   1.04500000000e+04    1.86308000000e-01    2.02153000000e-01 
    1.86308000000e-01    2.02153000000e-01 
   1.05000000000e+04    1.85079877040e-01    2.00259178494e-01 
    1.85079877040e-01    2.00259178494e-01 
   1.05500000000e+04    1.83851944797e-01    1.98392175206e-01 
    1.83851944797e-01    1.98392175206e-01 
   1.06000000000e+04    1.82645000000e-01    1.96552000000e-01 
    1.82645000000e-01    1.96552000000e-01 
   1.06500000000e+04    1.81473211964e-01    1.94738316480e-01 
    1.81473211964e-01    1.94738316480e-01 
   1.07000000000e+04    1.80324210999e-01    1.92949355087e-01 
    1.80324210999e-01    1.92949355087e-01 
   1.07500000000e+04    1.79179000000e-01    1.91183000000e-01 
    1.79179000000e-01    1.91183000000e-01 
   1.08000000000e+04    1.78023688426e-01    1.89437603202e-01 
    1.78023688426e-01    1.89437603202e-01 
   1.08500000000e+04    1.76864808749e-01    1.87713376623e-01 
    1.76864808749e-01    1.87713376623e-01 
   1.09000000000e+04    1.75714000000e-01    1.86011000000e-01 
    1.75714000000e-01    1.86011000000e-01 
   1.09500000000e+04    1.74580562598e-01    1.84330993239e-01 
    1.74580562598e-01    1.84330993239e-01 
   1.10000000000e+04    1.73464484142e-01    1.82673301060e-01 
    1.73464484142e-01    1.82673301060e-01 
   1.10500000000e+04    1.72363413615e-01    1.81037708351e-01 
    1.72363413615e-01    1.81037708351e-01 
   1.11000000000e+04    1.71275000000e-01    1.79424000000e-01 
    1.71275000000e-01    1.79424000000e-01 
   1.11500000000e+04    1.70193832010e-01    1.77831890537e-01 
    1.70193832010e-01    1.77831890537e-01 
   1.12000000000e+04    1.69108383026e-01    1.76260696067e-01 
    1.69108383026e-01    1.76260696067e-01 
   1.12500000000e+04    1.68047901026e-01    1.74710154907e-01 
    1.68047901026e-01    1.74710154907e-01 
   1.13000000000e+04    1.67021946875e-01    1.73180305806e-01 
    1.67021946875e-01    1.73180305806e-01 
   1.13500000000e+04    1.66008994521e-01    1.71671289686e-01 
    1.66008994521e-01    1.71671289686e-01 
   1.14000000000e+04    1.64989234099e-01    1.70182996978e-01 
    1.64989234099e-01    1.70182996978e-01 
   1.14500000000e+04    1.63961506676e-01    1.68713491268e-01 
    1.63961506676e-01    1.68713491268e-01 
   1.15000000000e+04    1.62933000000e-01    1.67260000000e-01 
    1.62933000000e-01    1.67260000000e-01 
   1.15500000000e+04    1.61908250719e-01    1.65820754340e-01 
    1.61908250719e-01    1.65820754340e-01 
   1.16000000000e+04    1.60881000000e-01    1.64398000000e-01 
    1.60881000000e-01    1.64398000000e-01 
   1.16500000000e+04    1.59848152453e-01    1.62994254434e-01 
    1.59848152453e-01    1.62994254434e-01 
   1.17000000000e+04    1.58830000000e-01    1.61609000000e-01 
    1.58830000000e-01    1.61609000000e-01 
   1.17500000000e+04    1.57846132752e-01    1.60241160341e-01 
    1.57846132752e-01    1.60241160341e-01 
   1.18000000000e+04    1.56889947792e-01    1.58890450232e-01 
    1.56889947792e-01    1.58890450232e-01 
   1.18500000000e+04    1.55948288937e-01    1.57556765008e-01 
    1.55948288937e-01    1.57556765008e-01 
   1.19000000000e+04    1.55008000000e-01    1.56240000000e-01 
    1.55008000000e-01    1.56240000000e-01 
   1.19500000000e+04    1.54058308556e-01    1.54939944079e-01 
    1.54058308556e-01    1.54939944079e-01 
   1.20000000000e+04    1.53098000000e-01    1.53656000000e-01 
    1.53098000000e-01    1.53656000000e-01 
   1.20500000000e+04    1.52132841851e-01    1.52387639967e-01 
    1.52132841851e-01    1.52387639967e-01 
   1.21000000000e+04    1.51187000000e-01    1.51135000000e-01 
    1.51187000000e-01    1.51135000000e-01 
   1.21500000000e+04    1.50281020790e-01    1.49898153027e-01 
    1.50281020790e-01    1.49898153027e-01 
   1.22000000000e+04    1.49402546125e-01    1.48676199283e-01 
    1.49402546125e-01    1.48676199283e-01 
   1.22500000000e+04    1.48531000000e-01    1.47468000000e-01 
    1.48531000000e-01    1.47468000000e-01 
   1.23000000000e+04    1.47650355556e-01    1.46272655722e-01 
    1.47650355556e-01    1.46272655722e-01 
   1.23500000000e+04    1.46762782579e-01    1.45090223576e-01 
    1.46762782579e-01    1.45090223576e-01 
   1.24000000000e+04    1.45875000000e-01    1.43921000000e-01 
    1.45875000000e-01    1.43921000000e-01 
   1.24500000000e+04    1.44991139578e-01    1.42765229929e-01 
    1.44991139578e-01    1.42765229929e-01 
   1.25000000000e+04    1.44105000000e-01    1.41623000000e-01 
    1.44105000000e-01    1.41623000000e-01 
   1.25500000000e+04    1.43213326598e-01    1.40494312770e-01 
    1.43213326598e-01    1.40494312770e-01 
   1.26000000000e+04    1.42335000000e-01    1.39379000000e-01 
    1.42335000000e-01    1.39379000000e-01 
   1.26500000000e+04    1.41488085505e-01    1.38276883390e-01 
    1.41488085505e-01    1.38276883390e-01 
   1.27000000000e+04    1.40665241307e-01    1.37187882882e-01 
    1.40665241307e-01    1.37187882882e-01 
   1.27500000000e+04    1.39852776457e-01    1.36111940934e-01 
    1.39852776457e-01    1.36111940934e-01 
   1.28000000000e+04    1.39037000000e-01    1.35049000000e-01 
    1.39037000000e-01    1.35049000000e-01 
   1.28500000000e+04    1.38208487628e-01    1.33998862268e-01 
    1.38208487628e-01    1.33998862268e-01 
   1.29000000000e+04    1.37374879182e-01    1.32960757018e-01 
    1.37374879182e-01    1.32960757018e-01 
   1.29500000000e+04    1.36548081145e-01    1.31933773258e-01 
    1.36548081145e-01    1.31933773258e-01 
   1.30000000000e+04    1.35740000000e-01    1.30917000000e-01 
    1.35740000000e-01    1.30917000000e-01 
   1.30500000000e+04    1.34958390554e-01    1.29909827246e-01 
    1.34958390554e-01    1.29909827246e-01 
   1.31000000000e+04    1.34194394036e-01    1.28912858936e-01 
    1.34194394036e-01    1.28912858936e-01 
   1.31500000000e+04    1.33435000000e-01    1.27927000000e-01 
    1.33435000000e-01    1.27927000000e-01 
   1.32000000000e+04    1.32670033795e-01    1.26952927756e-01 
    1.32670033795e-01    1.26952927756e-01 
   1.32500000000e+04    1.31900690252e-01    1.25990413271e-01 
    1.31900690252e-01    1.25990413271e-01 
   1.33000000000e+04    1.31131000000e-01    1.25039000000e-01 
    1.31131000000e-01    1.25039000000e-01 
   1.33500000000e+04    1.30363408952e-01    1.24098278534e-01 
    1.30363408952e-01    1.24098278534e-01 
   1.34000000000e+04    1.29594000000e-01    1.23168000000e-01 
    1.29594000000e-01    1.23168000000e-01 
   1.34500000000e+04    1.28821051326e-01    1.22247960210e-01 
    1.28821051326e-01    1.22247960210e-01 
   1.35000000000e+04    1.28058000000e-01    1.21338000000e-01 
    1.28058000000e-01    1.21338000000e-01 
   1.35500000000e+04    1.27318100785e-01    1.20437981765e-01 
    1.27318100785e-01    1.20437981765e-01 
   1.36000000000e+04    1.26598735393e-01    1.19547834064e-01 
    1.26598735393e-01    1.19547834064e-01 
   1.36500000000e+04    1.25893323221e-01    1.18667509468e-01 
    1.25893323221e-01    1.18667509468e-01 
   1.37000000000e+04    1.25195283667e-01    1.17796960546e-01 
    1.25195283667e-01    1.17796960546e-01 
   1.37500000000e+04    1.24498036127e-01    1.16936139866e-01 
    1.24498036127e-01    1.16936139866e-01 
   1.38000000000e+04    1.23795000000e-01    1.16085000000e-01 
    1.23795000000e-01    1.16085000000e-01 
   1.38500000000e+04    1.23082090744e-01    1.15243396426e-01 
    1.23082090744e-01    1.15243396426e-01 
   1.39000000000e+04    1.22365197515e-01    1.14410787635e-01 
    1.22365197515e-01    1.14410787635e-01 
   1.39500000000e+04    1.21652705528e-01    1.13586535026e-01 
    1.21652705528e-01    1.13586535026e-01 
   1.40000000000e+04    1.20953000000e-01    1.12770000000e-01 
    1.20953000000e-01    1.12770000000e-01 
   1.40500000000e+04    1.20272196812e-01    1.11960694568e-01 
    1.20272196812e-01    1.11960694568e-01 
   1.41000000000e+04    1.19607343700e-01    1.11158743772e-01 
    1.19607343700e-01    1.11158743772e-01 
   1.41500000000e+04    1.18953219063e-01    1.10364423264e-01 
    1.18953219063e-01    1.10364423264e-01 
   1.42000000000e+04    1.18304601300e-01    1.09578008698e-01 
    1.18304601300e-01    1.09578008698e-01 
   1.42500000000e+04    1.17656268813e-01    1.08799775725e-01 
    1.17656268813e-01    1.08799775725e-01 
   1.43000000000e+04    1.17003000000e-01    1.08030000000e-01 
    1.17003000000e-01    1.08030000000e-01 
   1.43500000000e+04    1.16341665513e-01    1.07268848703e-01 
    1.16341665513e-01    1.07268848703e-01 
   1.44000000000e+04    1.15677501650e-01    1.06516051085e-01 
    1.15677501650e-01    1.06516051085e-01 
   1.44500000000e+04    1.15017836962e-01    1.05771227924e-01 
    1.15017836962e-01    1.05771227924e-01 
   1.45000000000e+04    1.14370000000e-01    1.05034000000e-01 
    1.14370000000e-01    1.05034000000e-01 
   1.45500000000e+04    1.13739296833e-01    1.04304066393e-01 
    1.13739296833e-01    1.04304066393e-01 
   1.46000000000e+04    1.13122946367e-01    1.03581444842e-01 
    1.13122946367e-01    1.03581444842e-01 
   1.46500000000e+04    1.12516145025e-01    1.02866231387e-01 
    1.12516145025e-01    1.02866231387e-01 
   1.47000000000e+04    1.11914089233e-01    1.02158522068e-01 
    1.11914089233e-01    1.02158522068e-01 
   1.47500000000e+04    1.11311975417e-01    1.01458412925e-01 
    1.11311975417e-01    1.01458412925e-01 
   1.48000000000e+04    1.10705000000e-01    1.00766000000e-01 
    1.10705000000e-01    1.00766000000e-01 
   1.48500000000e+04    1.10090385275e-01    1.00081204103e-01 
    1.10090385275e-01    1.00081204103e-01 
   1.49000000000e+04    1.09473450370e-01    9.94032334675e-02 
    1.09473450370e-01    9.94032334675e-02 
   1.49500000000e+04    1.08861540280e-01    9.87311210984e-02 
    1.08861540280e-01    9.87311210984e-02 
   1.50000000000e+04    1.08262000000e-01    9.80639000000e-02 
    1.08262000000e-01    9.80639000000e-02 
